010101000101010001010100
000000000001111001110100
000010000001000010010000
001100000000000010001000
010001000000000001100100
010111000000000000110000
010101000000010000000000
001111000001100000000000
001000000010101000000000
000010000011101000000000
000000000100000000000000
000000000011110000000000
000000000011001000111100
000000000000000000000000
000000000000000000000000
000000000000000000000000
100110001001011010011000
000010000100110011000100
001100000011001011101100
010111000001111011100100
100010000001010010110000
101000000001010001100100
100110000010001000100000
011110000011110000000000
010101000101101000000000
001010000111001000000000
000010000111110000000000
000000000111011000101000
000000000110011001111000
000000000000000000000000
000000000000000000000000
000000000000000000000000
111011001110111011101100
010011001001101011101100
011110000111110011101100
101100000110001011101100
111001000101010011101100
111011000101100010110100
111011000110101001100100
110101001000100000100000
101000001010101000000000
011101001100010000000000
010011001101000000100000
001110001100110001101100
001110001011010011001100
001111000011110000111100
000000000000000000000000
000000000000000000000000
111011001110111011101100
101010001100110011101100
101111001011110011101100
110101001011001011101100
111011001010111011101100
111011001010111011010100
111011001011010010110000
111001001100010010010000
110011001101001001111000
101101001101111001111000
101010001110001010010000
100110001110001010110100
101000001101011011100100
101000001010001010100000
000000000000000000000000
000000000000000000000000
